26
9
25
10
24
10
20
14
18
14
15
11
10
11
9
12
8
12
7
13
4
13
3
14
3
18
5
20
5
23
6
24
6
27
5
28
5
34
6
35
6
39
5
40
5
43
4
44
4
47
5
48
18
48
19
47
19
45
18
44
18
43
17
42
17
24
18
23
18
22
21
19
22
19
23
18
26
21
26
38
25
39
25
45
28
48
38
48
39
47
39
44
38
43
38
42
37
41
37
24
38
23
38
22
41
19
42
19
43
18
45
18
47
20
47
45
50
48
59
48
60
47
60
44
58
42
58
16
57
15
57
14
52
9
47
9
46
10
45
10
44
11
43
11
39
15
37
15
36
14
36
13
34
11
33
11
31
9
27
9
