13
9
12
10
9
10
8
11
7
11
6
12
5
12
4
13
4
16
6
18
6
20
7
21
6
22
6
38
7
39
7
42
11
46
12
46
13
47
21
47
22
46
23
46
26
43
27
44
28
44
31
47
34
47
35
46
37
46
38
47
41
47
43
45
43
44
41
42
41
41
40
40
40
11
38
9
35
9
34
10
31
10
30
11
29
11
28
12
26
12
26
16
28
18
28
21
29
22
29
25
28
26
28
34
23
39
22
39
21
40
20
40
18
38
18
33
17
32
17
28
18
27
18
24
17
23
17
21
18
20
18
11
16
9
14
9
