13
3
12
4
10
4
9
5
6
5
4
7
4
10
6
12
6
18
7
19
7
23
6
24
6
27
7
28
7
33
6
34
6
41
7
42
7
43
6
44
6
54
4
56
4
57
6
59
19
59
21
57
21
56
19
54
19
53
18
52
18
34
19
33
19
32
23
28
24
28
25
27
27
27
29
29
29
56
32
59
42
59
43
58
43
55
41
53
41
50
40
49
40
48
41
47
41
40
40
39
40
36
41
35
41
29
40
28
40
26
39
25
39
24
35
20
34
20
33
19
30
19
29
20
27
20
26
21
25
21
24
22
23
22
21
24
19
24
18
23
18
5
16
3
14
3
