21
6
20
7
19
7
19
8
18
9
19
10
19
12
20
13
20
56
18
58
18
61
20
63
25
63
26
62
35
62
35
58
33
56
33
54
32
53
32
43
33
42
33
41
34
40
37
40
39
42
39
43
40
44
40
45
41
46
41
47
43
49
43
50
44
51
44
53
45
54
45
55
46
56
46
57
47
58
47
59
49
61
50
61
51
62
61
62
62
61
62
57
58
53
58
52
57
51
57
50
55
48
55
47
54
46
54
45
53
44
53
43
51
41
51
39
50
38
50
35
55
30
55
29
57
27
57
25
58
24
58
17
57
16
57
15
56
14
56
13
53
10
52
10
51
9
50
9
49
8
48
8
47
7
44
7
43
6
