26
2
25
3
24
3
23
4
22
4
20
6
19
6
18
5
17
5
16
4
14
4
13
5
12
5
11
6
8
6
7
7
6
7
4
9
4
11
5
12
5
13
6
14
6
28
7
29
7
36
6
37
6
38
7
39
7
43
6
44
6
52
4
54
4
55
6
57
19
57
21
55
21
54
18
51
18
42
20
40
21
41
22
41
23
42
24
42
25
43
32
43
33
42
34
42
36
40
37
40
39
38
39
37
40
36
40
35
42
33
42
30
43
29
43
25
44
24
44
19
43
18
43
15
42
14
42
13
41
12
41
11
40
10
40
9
35
4
34
4
33
3
31
3
30
2
27
2
