13
1
12
2
10
2
9
3
8
3
7
4
6
4
4
6
4
8
6
10
6
11
7
12
7
36
6
37
6
42
7
43
7
50
6
51
6
52
5
53
5
56
6
57
7
57
8
58
11
58
12
57
16
57
17
58
21
58
21
57
22
56
22
54
19
51
19
47
18
46
19
45
19
44
20
43
21
43
31
53
31
54
34
57
39
57
40
58
44
58
47
55
47
54
31
38
31
37
30
36
30
35
39
26
39
25
41
23
42
23
43
22
43
21
41
19
31
19
31
20
30
21
31
22
31
24
21
34
19
34
18
33
18
31
19
30
19
23
18
22
18
19
19
18
19
12
18
11
18
7
19
6
19
4
16
1
14
1
