12
9
10
11
10
12
14
16
14
17
17
20
17
21
19
23
19
24
21
26
21
27
22
28
22
31
18
35
18
36
10
44
10
46
11
47
21
47
22
46
22
44
21
43
21
40
25
36
27
36
30
39
30
40
31
41
31
42
29
44
29
45
31
47
45
47
47
45
47
44
43
40
43
39
41
37
41
36
39
34
39
33
36
30
36
29
35
28
35
24
46
13
46
10
45
9
37
9
35
11
35
14
36
15
35
16
35
17
32
20
30
20
27
17
27
16
26
15
27
14
27
13
28
12
28
11
26
9
13
9
