6
10
4
12
4
14
5
15
5
16
6
17
6
18
7
19
7
20
8
21
8
23
9
24
9
26
10
27
10
28
11
29
11
30
12
31
12
33
13
34
13
36
14
37
14
39
15
40
15
42
17
44
17
45
19
47
20
47
21
48
23
48
26
45
26
44
27
43
27
42
28
41
28
39
29
38
29
37
30
36
30
35
31
34
31
33
32
32
32
30
33
29
33
27
34
26
34
25
35
24
35
23
36
22
36
20
37
19
37
18
40
15
40
12
39
11
31
11
30
12
30
14
31
15
31
16
32
17
32
19
31
20
31
21
30
22
30
23
29
24
29
26
27
28
27
30
25
32
24
32
22
30
22
27
21
26
21
25
20
24
20
22
19
21
19
19
18
18
18
16
19
15
19
11
10
11
9
10
7
10
