13
9
12
10
11
10
10
11
10
13
9
14
10
15
10
16
15
16
16
15
24
15
25
16
42
16
44
18
44
19
41
22
40
22
39
23
38
23
36
25
35
25
33
27
32
27
29
30
28
30
27
31
26
31
24
33
23
33
21
35
20
35
17
38
16
38
13
41
11
41
10
42
9
42
7
44
6
44
6
46
12
46
13
47
32
47
33
48
50
48
51
49
57
49
57
43
43
43
42
42
31
42
30
41
30
40
31
39
32
39
33
38
34
38
37
35
38
35
40
33
41
33
44
30
45
30
46
29
47
29
49
27
50
27
52
25
53
25
55
23
56
23
58
21
58
11
54
11
53
12
49
12
48
11
33
11
32
10
