7
8
4
11
4
15
6
17
7
16
8
16
10
14
11
14
12
13
18
13
20
15
20
16
19
17
19
18
18
19
18
20
16
22
16
23
15
24
15
25
14
26
14
27
13
28
13
29
11
31
11
32
10
33
10
34
9
35
9
36
8
37
8
38
6
40
6
41
5
42
5
44
7
46
8
46
9
45
14
45
15
46
19
46
20
45
24
45
25
46
31
46
34
43
34
38
33
37
31
37
28
40
20
40
19
39
19
37
21
35
21
34
22
33
22
32
23
31
23
29
24
28
24
27
27
24
27
22
28
21
28
20
29
19
29
18
31
16
31
14
33
12
33
10
31
8
8
8
