9
6
7
8
7
10
6
11
6
12
7
13
7
15
10
15
11
14
15
14
16
15
18
15
21
18
21
31
19
33
18
33
17
34
15
34
14
35
7
35
6
36
6
48
9
48
10
47
11
47
12
46
14
46
15
45
17
45
18
44
20
44
21
43
23
43
24
42
26
42
27
41
29
41
30
40
32
40
33
39
35
39
36
38
38
38
39
37
42
37
43
36
45
36
46
35
48
35
49
34
51
34
52
33
54
33
55
32
55
26
54
25
53
25
51
23
50
23
49
22
47
22
46
21
44
21
43
20
42
20
41
19
40
19
39
18
38
18
37
17
35
17
34
16
32
16
31
15
30
15
29
14
28
14
27
13
26
13
25
12
23
12
22
11
21
11
20
10
18
10
17
9
16
9
15
8
14
8
12
6
