32
5
31
6
29
6
28
7
27
7
26
8
25
8
24
9
23
9
22
10
21
10
19
12
18
12
14
16
14
17
12
19
12
20
11
21
11
22
10
23
10
24
9
25
9
28
8
29
8
38
9
39
9
42
10
43
10
44
11
45
11
46
12
47
12
48
13
49
13
50
15
52
15
53
18
56
19
56
21
58
22
58
24
60
26
60
27
61
29
61
30
62
48
62
49
61
51
61
52
60
53
60
55
58
55
41
56
40
56
38
57
37
57
32
55
32
54
31
45
31
44
32
42
32
42
37
43
38
43
54
39
58
34
58
33
57
32
57
31
56
30
56
25
51
25
50
23
48
23
45
22
44
22
39
21
38
21
30
22
29
22
26
23
25
23
22
24
21
24
20
26
18
26
17
32
11
34
11
35
10
38
10
39
11
41
11
43
13
44
13
48
17
52
17
52
9
50
7
49
7
48
6
45
6
44
5
