30
14
29
15
27
15
26
16
24
16
23
17
22
17
20
19
19
19
17
21
16
21
14
23
14
24
12
26
12
27
11
28
11
30
10
31
10
35
9
36
9
43
10
44
10
47
11
48
11
50
12
51
20
51
20
49
16
45
16
44
13
41
13
39
12
38
12
37
13
36
13
34
19
28
20
28
21
27
24
27
25
26
44
26
45
27
48
27
49
28
50
28
53
31
54
31
58
35
58
41
57
42
57
43
56
44
56
45
53
48
52
48
50
50
50
52
51
52
52
53
56
53
57
52
58
52
58
51
59
50
59
48
60
47
60
33
59
32
59
30
58
29
58
28
57
27
57
26
56
25
56
24
51
19
50
19
49
18
48
18
47
17
46
17
45
16
44
16
43
15
41
15
40
14
