13
6
12
7
9
7
8
8
7
8
5
10
4
10
2
12
2
13
1
14
1
20
2
21
2
22
6
26
6
27
7
28
7
36
8
37
8
42
10
44
21
44
22
45
23
45
26
48
26
50
23
53
12
53
9
50
5
50
4
51
4
52
1
55
1
57
3
59
21
59
22
58
26
58
27
57
29
57
30
56
31
56
33
54
33
53
35
51
35
50
36
49
36
43
35
42
35
41
30
36
29
36
28
35
27
35
26
34
22
34
21
33
18
33
16
31
18
29
23
29
24
28
25
28
26
27
28
27
31
24
32
24
33
23
33
22
34
21
34
12
36
10
36
7
35
6
14
6
