33
9
32
10
27
10
26
11
24
11
24
15
25
16
25
39
26
40
26
46
25
47
25
53
26
54
26
58
25
59
25
61
24
62
24
65
25
66
56
66
57
65
59
65
59
64
60
63
60
58
59
57
55
57
53
59
52
59
51
60
41
60
38
57
38
54
37
53
37
45
38
44
38
43
41
40
48
40
49
41
53
41
53
32
48
32
47
33
41
33
38
30
38
29
37
28
37
21
38
20
38
19
41
16
42
16
43
15
49
15
50
16
52
16
55
19
59
19
60
18
60
14
59
13
59
11
58
11
57
10
55
10
54
9
