4
4
2
6
2
7
4
9
4
10
5
11
5
12
6
13
6
14
7
15
7
17
8
18
8
20
9
21
9
24
10
25
10
26
11
27
11
30
12
31
12
32
13
33
13
34
14
35
14
37
15
38
15
39
18
42
21
42
25
38
25
36
26
35
26
32
27
31
27
30
28
29
28
27
29
26
29
24
31
22
33
24
33
26
34
27
34
29
35
30
35
33
36
34
36
35
37
36
37
37
38
38
38
39
41
42
43
42
44
41
45
41
47
39
47
38
48
37
48
35
49
34
49
33
50
32
50
29
51
28
51
27
52
26
52
24
53
23
53
20
54
19
54
18
55
17
55
15
56
14
56
12
57
11
57
10
59
8
59
5
58
4
50
4
48
6
48
7
49
8
49
9
50
10
50
12
49
13
49
15
48
16
48
20
47
21
47
23
46
24
44
22
44
21
43
20
43
17
42
16
42
14
41
13
41
9
43
7
43
6
41
4
27
4
25
6
25
7
26
8
26
9
27
10
27
12
26
13
26
15
25
16
25
20
24
21
24
23
23
24
21
22
21
19
20
18
20
16
19
15
19
14
18
13
18
10
19
9
19
8
20
7
20
6
18
4
5
4
