6
8
4
10
4
12
7
15
7
16
8
17
8
18
9
19
9
22
10
23
10
24
12
26
12
28
13
29
13
30
14
31
14
32
15
33
15
35
16
36
16
37
17
38
17
40
18
41
18
42
19
43
19
47
18
48
18
50
17
51
17
52
16
53
16
54
13
57
12
57
12
60
13
61
24
61
24
60
25
59
25
57
24
56
24
55
23
54
23
52
24
51
24
50
25
49
25
48
26
47
26
45
27
44
27
43
28
42
28
41
29
40
29
38
30
37
30
35
31
34
31
33
32
32
32
30
33
29
33
27
34
26
34
25
35
24
35
23
36
22
36
21
37
20
37
19
38
18
38
16
39
15
39
14
40
13
40
12
41
11
41
10
39
8
33
8
31
10
31
12
32
13
32
16
31
17
31
18
30
19
30
21
29
22
29
23
28
24
28
26
26
28
25
28
23
26
23
24
22
23
22
22
21
21
21
20
20
19
20
18
19
17
19
15
18
14
19
13
19
12
20
11
20
10
18
8
7
8
