11
6
11
7
10
8
10
14
11
15
11
16
13
16
15
14
16
14
17
13
22
13
23
14
41
14
42
15
45
15
46
16
46
17
44
19
43
19
41
21
40
21
39
22
38
22
37
23
36
23
35
24
34
24
33
25
32
25
31
26
30
26
29
27
28
27
27
28
26
28
25
29
24
29
24
31
26
33
27
33
30
36
31
36
33
38
34
38
35
39
36
39
37
40
38
40
42
44
44
44
45
45
45
46
44
47
32
47
31
46
13
46
11
44
9
44
9
45
8
46
8
59
10
59
12
57
14
57
15
56
18
56
19
57
39
57
40
58
50
58
51
59
53
59
55
61
57
61
57
58
58
57
58
50
57
49
57
47
56
47
54
45
53
45
52
44
51
44
48
41
47
41
46
40
45
40
42
37
41
37
39
35
39
34
41
32
42
32
44
30
45
30
46
29
47
29
48
28
49
28
50
27
51
27
52
26
53
26
55
24
57
24
58
23
59
23
59
16
60
15
60
8
58
8
56
10
46
10
45
9
31
9
30
8
15
8
13
6
