30
7
29
8
26
8
25
9
24
9
23
10
22
10
21
11
20
11
16
15
16
16
13
19
13
20
12
21
12
22
11
23
11
24
10
25
10
28
9
29
9
33
8
34
8
38
9
39
9
43
10
44
10
47
11
48
11
49
12
50
12
51
13
52
13
53
14
54
14
55
16
57
16
58
18
60
19
60
21
62
22
62
23
63
24
63
25
64
27
64
28
65
42
65
43
64
45
64
46
63
47
63
49
61
50
61
54
57
54
56
56
54
56
53
57
52
57
51
58
50
58
48
59
47
59
45
60
44
60
31
59
30
59
26
58
25
58
23
57
22
57
21
56
20
56
19
55
18
55
17
49
11
48
11
46
9
45
9
44
8
42
8
41
7
