12
2
11
3
10
3
9
4
8
4
3
9
3
10
2
11
2
18
3
19
3
20
7
24
8
24
10
26
11
26
12
27
13
27
14
28
15
28
16
29
17
29
18
30
19
30
21
32
21
36
18
39
15
39
14
38
13
38
8
33
5
33
2
36
2
39
4
41
7
41
8
42
9
42
10
43
22
43
23
42
24
42
25
41
26
41
28
39
28
38
29
37
29
36
30
35
30
34
31
33
31
28
30
27
30
26
29
25
29
24
24
19
23
19
22
18
21
18
20
17
19
17
18
16
17
16
15
14
14
14
12
12
12
10
15
7
18
7
19
8
20
8
22
10
22
11
23
12
25
12
26
11
27
11
27
10
29
8
29
6
27
4
24
4
23
3
21
3
20
2
13
2
