36
4
35
5
32
5
31
6
30
6
29
7
28
7
27
8
26
8
24
10
23
10
21
12
21
13
19
15
19
16
17
18
17
19
16
20
16
22
15
23
15
25
14
26
14
29
13
30
13
39
14
40
14
43
15
44
15
45
16
46
16
47
17
48
17
49
18
50
18
51
19
52
19
53
21
55
21
56
24
59
25
59
27
61
28
61
29
62
31
62
32
63
34
63
35
64
40
64
41
65
45
65
46
66
49
66
50
67
59
67
62
64
62
60
60
58
60
53
62
51
62
50
63
49
63
47
64
46
64
44
65
43
65
25
64
24
64
22
63
21
63
20
62
19
62
18
61
17
61
16
59
14
59
13
56
10
55
10
53
8
52
8
51
7
50
7
49
6
48
6
47
5
44
5
43
4
