10
8
9
9
7
9
7
14
8
15
8
20
7
21
7
22
8
23
8
30
7
31
7
57
5
59
5
62
6
63
20
63
20
58
19
57
19
44
21
42
24
42
25
43
25
44
26
45
26
46
28
48
28
49
32
53
32
54
34
56
34
57
35
58
35
60
36
61
36
62
38
64
50
64
51
63
51
60
47
56
47
55
45
53
45
52
44
51
44
50
42
48
42
47
39
44
39
43
37
41
37
40
35
38
35
37
33
35
33
34
32
33
32
29
40
21
41
21
48
14
48
11
47
10
45
10
44
9
42
9
41
10
39
10
38
11
38
13
37
14
37
16
25
28
21
28
20
27
20
26
19
25
19
18
20
17
20
15
21
14
21
9
19
9
18
8
