46
9
45
10
43
10
42
11
42
15
43
16
43
29
40
32
29
32
26
29
26
28
25
27
25
19
26
18
26
16
27
15
27
11
26
11
25
10
15
10
14
11
13
11
12
12
12
15
13
16
13
39
14
40
14
59
13
60
13
65
27
65
27
60
26
59
26
58
25
57
25
43
26
42
26
41
29
38
30
38
31
37
38
37
39
38
40
38
43
41
43
60
42
61
42
64
43
65
56
65
57
64
57
61
56
60
56
58
55
57
55
18
56
17
56
15
57
14
57
11
56
10
55
10
54
9
