12
2
11
3
10
3
3
10
3
11
2
12
2
15
1
16
1
29
2
30
2
31
3
32
3
34
4
35
4
36
9
41
10
41
11
42
13
42
14
43
17
43
18
42
21
42
22
41
23
41
24
40
27
43
27
44
26
45
26
50
24
52
24
55
25
56
40
56
41
55
41
52
39
50
39
46
38
45
38
41
39
40
39
34
38
33
38
29
39
28
39
23
38
22
38
20
39
19
39
11
38
10
38
8
39
7
39
5
38
4
37
4
36
3
35
3
34
4
33
4
31
6
30
6
29
7
28
6
27
6
26
5
25
5
23
3
22
3
21
2
13
2
