56
6
54
8
52
8
51
9
48
9
47
10
45
10
44
11
41
11
40
12
39
12
38
13
34
13
33
14
30
14
29
15
27
15
26
16
23
16
22
17
20
17
19
18
16
18
15
19
13
19
12
20
11
20
10
21
9
21
9
25
10
26
10
27
11
28
13
28
14
29
15
29
16
30
18
30
19
31
20
31
21
32
23
32
24
33
25
33
26
34
27
34
28
35
30
35
31
36
32
36
34
38
34
39
32
41
29
41
28
42
25
42
24
43
21
43
20
44
18
44
17
45
14
45
13
46
11
46
10
47
8
47
8
49
7
50
7
51
8
52
8
54
10
54
11
55
12
55
13
56
14
56
15
57
17
57
18
58
19
58
20
59
22
59
23
60
24
60
25
61
27
61
28
62
30
62
31
63
32
63
33
64
35
64
36
65
37
65
38
66
40
66
41
67
43
67
44
68
45
68
46
69
47
69
48
70
50
70
52
72
55
72
55
69
56
68
56
64
48
64
47
63
45
63
44
62
42
62
41
61
40
61
39
60
37
60
36
59
34
59
33
58
32
58
31
57
29
57
28
56
26
56
25
55
25
53
26
52
28
52
29
51
32
51
33
50
36
50
37
49
39
49
40
48
42
48
43
47
46
47
47
46
52
46
53
47
56
47
57
46
57
33
54
33
53
34
52
34
51
35
43
35
42
34
40
34
39
33
38
33
37
32
35
32
34
31
32
31
31
30
29
30
28
29
27
29
26
28
26
26
27
25
30
25
31
24
34
24
35
23
38
23
39
22
42
22
43
21
46
21
47
20
50
20
51
19
53
19
54
20
58
20
58
6
