26
5
25
6
21
6
20
7
19
7
19
8
18
9
19
10
19
12
20
13
20
29
21
30
21
37
20
38
20
39
21
40
21
49
20
50
20
57
19
58
19
62
20
63
26
63
27
62
35
62
35
57
33
55
33
53
32
52
32
45
33
44
33
43
36
40
37
40
38
39
46
39
47
38
49
38
50
37
52
37
53
36
54
36
56
34
57
34
58
33
58
32
60
30
60
29
61
28
61
18
60
17
60
15
56
11
55
11
53
9
52
9
51
8
50
8
49
7
46
7
45
6
40
6
39
5
38
6
30
6
29
5
